# 2theta(deg)  I(arb.units)
7.0287  1.442081e+03
7.2403  1.324471e+03
7.4518  1.211071e+03
7.6635  1.102130e+03
7.8751  9.978618e+02
8.0868  8.984491e+02
8.2985  8.040399e+02
8.5102  7.147494e+02
8.7219  6.306603e+02
8.9337  5.518236e+02
9.1455  4.782595e+02
9.3574  4.099581e+02
9.5692  3.468814e+02
9.7811  2.889641e+02
9.9931  2.361156e+02
10.2050  1.882216e+02
10.4171  1.451458e+02
10.6291  1.067323e+02
10.8412  7.280676e+01
11.0533  4.317937e+01
11.2655  1.764627e+01
11.4776  -4.008054e+00
11.6899  -2.200877e+01
11.9022  -3.658859e+01
12.1145  -4.798576e+01
12.3268  -5.644205e+01
12.5392  -6.220085e+01
12.7517  -6.550535e+01
12.9642  -6.659675e+01
13.1767  -6.571266e+01
13.3893  -6.308555e+01
13.6019  -5.894132e+01
13.8146  -5.349806e+01
14.0273  -4.696486e+01
14.2401  -3.954083e+01
14.4529  -3.141418e+01
14.6657  -2.276153e+01
14.8787  -1.374727e+01
15.0916  -4.523150e+00
15.3046  4.772096e+00
15.5177  1.401291e+01
15.7309  2.308698e+01
15.9440  3.189520e+01
16.1573  4.035150e+01
16.3706  4.838256e+01
16.5839  5.592745e+01
16.7973  6.293719e+01
17.0108  6.937416e+01
17.2243  7.521156e+01
17.4379  8.043270e+01
17.6516  8.503026e+01
17.8653  8.900560e+01
18.0791  9.236791e+01
18.2929  9.513340e+01
18.5068  9.732453e+01
18.7208  9.896912e+01
18.9348  1.000996e+02
19.1489  1.007520e+02
19.3631  1.009656e+02
19.5773  1.007816e+02
19.7916  1.002430e+02
20.0060  9.939319e+01
20.2204  9.827609e+01
20.4350  9.693498e+01
20.6495  9.541221e+01
20.8642  9.374867e+01
21.0789  9.198331e+01
21.2938  9.015282e+01
21.5086  8.829127e+01
21.7236  8.642987e+01
21.9386  8.459676e+01
22.1538  8.281685e+01
22.3690  8.111173e+01
22.5842  7.949962e+01
22.7996  7.799536e+01
23.0150  7.661049e+01
23.2306  7.535330e+01
23.4462  7.422895e+01
23.6619  7.323968e+01
23.8776  7.238494e+01
24.0935  7.166164e+01
24.3095  7.106434e+01
24.5255  7.058557e+01
24.7416  7.021601e+01
24.9578  6.994483e+01
25.1741  6.975992e+01
25.3905  6.964819e+01
25.6070  6.959582e+01
25.8236  6.958854e+01
26.0403  6.961189e+01
26.2571  6.965146e+01
26.4739  6.969308e+01
26.6909  6.972312e+01
26.9079  6.972856e+01
27.1251  6.969729e+01
27.3424  6.961817e+01
27.5597  6.948118e+01
27.7772  6.927755e+01
27.9947  6.899981e+01
28.2124  6.864187e+01
28.4302  6.819905e+01
28.6480  6.766811e+01
28.8660  6.704719e+01
29.0841  6.633587e+01
29.3023  6.553506e+01
29.5206  6.464696e+01
29.7390  6.367498e+01
29.9575  6.262368e+01
30.1762  6.149861e+01
30.3949  6.030627e+01
30.6138  5.905394e+01
30.8328  5.774956e+01
31.0518  5.640164e+01
31.2711  5.501908e+01
31.4904  5.361109e+01
31.7098  5.218702e+01
31.9294  5.075625e+01
32.1491  4.932807e+01
32.3689  4.791157e+01
32.5888  4.651553e+01
32.8088  4.514831e+01
33.0290  4.381776e+01
33.2493  4.253117e+01
33.4697  4.129516e+01
33.6903  4.011566e+01
33.9110  3.899782e+01
34.1318  3.794603e+01
34.3527  3.696383e+01
34.5738  3.605396e+01
34.7950  3.521833e+01
35.0163  3.445801e+01
35.2378  3.377329e+01
35.4594  3.316369e+01
35.6812  3.262798e+01
35.9031  3.216424e+01
36.1251  3.176993e+01
36.3473  3.144191e+01
36.5696  3.117653e+01
36.7920  3.096967e+01
37.0146  3.081684e+01
37.2374  3.071323e+01
37.4602  3.065379e+01
37.6833  3.063330e+01
37.9065  3.064642e+01
38.1298  3.068780e+01
38.3533  3.075211e+01
38.5769  3.083412e+01
38.8007  3.092874e+01
39.0246  3.103111e+01
39.2487  3.113662e+01
39.4730  3.124095e+01
39.6974  3.134013e+01
39.9219  3.143054e+01
40.1467  3.150898e+01
40.3716  3.157264e+01
40.5966  3.161915e+01
40.8218  3.164658e+01
41.0472  3.165341e+01
41.2727  3.163857e+01
41.4985  3.160141e+01
41.7243  3.154167e+01
41.9504  3.145948e+01
42.1766  3.135535e+01
42.4030  3.123009e+01
42.6296  3.108484e+01
42.8563  3.092100e+01
43.0832  3.074021e+01
43.3103  3.054431e+01
43.5376  3.033531e+01
43.7651  3.011533e+01
43.9927  2.988658e+01
44.2205  2.965133e+01
44.4485  2.941187e+01
44.6767  2.917046e+01
44.9051  2.892931e+01
45.1337  2.869057e+01
45.3624  2.845626e+01
45.5913  2.822829e+01
45.8205  2.800839e+01
46.0498  2.779814e+01
46.2793  2.759895e+01
46.5091  2.741200e+01
46.7390  2.723828e+01
46.9691  2.707860e+01
47.1994  2.693351e+01
47.4300  2.680338e+01
47.6607  2.668839e+01
47.8916  2.658851e+01
48.1228  2.650351e+01
48.3541  2.643301e+01
48.5857  2.637647e+01
48.8174  2.633319e+01
49.0494  2.630238e+01
49.2816  2.628310e+01
49.5140  2.627436e+01
49.7467  2.627510e+01
49.9795  2.628419e+01
50.2126  2.630051e+01
50.4459  2.632290e+01
50.6794  2.635025e+01
50.9131  2.638144e+01
51.1471  2.641544e+01
51.3813  2.645126e+01
51.6157  2.648799e+01
51.8504  2.652483e+01
52.0853  2.656106e+01
52.3204  2.659609e+01
52.5558  2.662942e+01
52.7914  2.666071e+01
53.0272  2.668971e+01
53.2633  2.671632e+01
53.4997  2.674054e+01
53.7362  2.676253e+01
53.9731  2.678253e+01
54.2101  2.680091e+01
54.4475  2.681813e+01
54.6851  2.683476e+01
54.9229  2.685143e+01
55.1610  2.686887e+01
55.3993  2.688784e+01
55.6379  2.690917e+01
55.8768  2.693371e+01
56.1160  2.696232e+01
56.3554  2.699588e+01
56.5950  2.703527e+01
56.8350  2.708132e+01
57.0752  2.713485e+01
57.3157  2.719663e+01
57.5565  2.726735e+01
57.7975  2.734767e+01
58.0388  2.743813e+01
58.2804  2.753923e+01
58.5223  2.765135e+01
58.7645  2.777476e+01
59.0070  2.790965e+01
59.2497  2.805611e+01
59.4928  2.821409e+01
59.7361  2.838347e+01
59.9798  2.856399e+01
60.2237  2.875530e+01
60.4680  2.895696e+01
60.7125  2.916841e+01
60.9574  2.938901e+01
61.2025  2.961804e+01
61.4480  2.985469e+01
61.6938  3.009809e+01
61.9399  3.034729e+01
62.1863  3.060132e+01
62.4330  3.085914e+01
62.6801  3.111968e+01
62.9275  3.138185e+01
63.1752  3.164455e+01
63.4232  3.190668e+01
63.6716  3.216712e+01
63.9203  3.242479e+01
64.1694  3.267861e+01
64.4187  3.292756e+01
64.6685  3.317062e+01
64.9185  3.340684e+01
65.1690  3.363531e+01
65.4197  3.385518e+01
65.6709  3.406565e+01
65.9223  3.426599e+01
66.1742  3.445554e+01
66.4264  3.463370e+01
66.6789  3.479994e+01
66.9319  3.495379e+01
67.1852  3.509486e+01
67.4388  3.522284e+01
67.6929  3.533744e+01
67.9473  3.543848e+01
68.2021  3.552582e+01
68.4573  3.559938e+01
68.7129  3.565912e+01
68.9688  3.570506e+01
69.2252  3.573726e+01
69.4820  3.575583e+01
69.7391  3.576091e+01
69.9967  3.575264e+01
70.2547  3.573124e+01
70.5130  3.569691e+01
70.7718  3.564987e+01
71.0310  3.559037e+01
71.2906  3.551865e+01
71.5507  3.543498e+01
71.8112  3.533959e+01
72.0721  3.523276e+01
72.3334  3.511472e+01
72.5952  3.498573e+01
72.8574  3.484603e+01
73.1200  3.469584e+01
73.3831  3.453539e+01
73.6467  3.436489e+01
73.9107  3.418455e+01
74.1751  3.399458e+01
74.4401  3.379515e+01
74.7055  3.358647e+01
74.9713  3.336872e+01
75.2377  3.314207e+01
75.5045  3.290672e+01
75.7718  3.266284e+01
76.0396  3.241064e+01
76.3078  3.215030e+01
76.5766  3.188204e+01
76.8459  3.160607e+01
77.1156  3.132262e+01
77.3859  3.103196e+01
77.6567  3.073433e+01
77.9280  3.043003e+01
78.1998  3.011937e+01
78.4722  2.980266e+01
78.7451  2.948028e+01
79.0185  2.915257e+01
79.2924  2.881996e+01
79.5669  2.848285e+01
79.8420  2.814169e+01
80.1176  2.779694e+01
80.3937  2.744910e+01
80.6704  2.709866e+01
80.9477  2.674615e+01
81.2256  2.639210e+01
81.5040  2.603708e+01
81.7830  2.568163e+01
82.0627  2.532632e+01
82.3429  2.497173e+01
82.6237  2.461844e+01
82.9051  2.426701e+01
83.1871  2.391801e+01
83.4698  2.357201e+01
83.7530  2.322954e+01
84.0369  2.289115e+01
84.3215  2.255734e+01
84.6066  2.222861e+01
84.8925  2.190543e+01
85.1789  2.158824e+01
85.4661  2.127747e+01
85.7539  2.097348e+01
86.0423  2.067664e+01
86.3315  2.038725e+01
86.6213  2.010560e+01
86.9119  1.983193e+01
87.2031  1.956645e+01
87.4950  1.930931e+01
87.7877  1.906065e+01
88.0811  1.882056e+01
88.3752  1.858909e+01
88.6700  1.836626e+01
88.9656  1.815203e+01
89.2619  1.794636e+01
89.5590  1.774916e+01
89.8569  1.756031e+01
90.1555  1.737965e+01
90.4549  1.720701e+01
90.7551  1.704219e+01
91.0561  1.688497e+01
91.3579  1.673509e+01
91.6605  1.659230e+01
91.9640  1.645632e+01
92.2683  1.632685e+01
92.5734  1.620361e+01
92.8794  1.608628e+01
93.1862  1.597454e+01
93.4939  1.586809e+01
93.8025  1.576661e+01
94.1120  1.566979e+01
94.4224  1.557731e+01
94.7337  1.548886e+01
95.0459  1.540416e+01
95.3590  1.532291e+01
95.6731  1.524482e+01
95.9882  1.516964e+01
96.3042  1.509709e+01
96.6212  1.502694e+01
96.9391  1.495895e+01
97.2581  1.489290e+01
97.5781  1.482859e+01
97.8991  1.476581e+01
98.2211  1.470440e+01
98.5442  1.464417e+01
98.8684  1.458499e+01
99.1936  1.452669e+01
99.5199  1.446917e+01
99.8473  1.441229e+01
100.1759  1.435595e+01
100.5055  1.430004e+01
100.8363  1.424449e+01
101.1683  1.418921e+01
101.5014  1.413413e+01
101.8358  1.407918e+01
102.1713  1.402431e+01
102.5081  1.396946e+01
102.8461  1.391458e+01
103.1853  1.385965e+01
103.5258  1.380461e+01
103.8676  1.374945e+01
104.2108  1.369412e+01
104.5552  1.363861e+01
104.9010  1.358289e+01
105.2481  1.352696e+01
105.5967  1.347079e+01
105.9466  1.341438e+01
106.2980  1.335772e+01
106.6507  1.330082e+01
107.0050  1.324366e+01
107.3608  1.318626e+01
107.7180  1.312863e+01
108.0768  1.307079e+01
108.4372  1.301275e+01
108.7991  1.295454e+01
109.1626  1.289619e+01
109.5278  1.283774e+01
109.8946  1.277923e+01
110.2631  1.272071e+01
110.6333  1.266222e+01
111.0052  1.260383e+01
111.3789  1.254560e+01
111.7544  1.248760e+01
112.1317  1.242990e+01
112.5109  1.237259e+01
112.8920  1.231576e+01
113.2750  1.225947e+01
113.6599  1.220384e+01
114.0468  1.214896e+01
114.4358  1.209492e+01
114.8268  1.204183e+01
115.2199  1.198978e+01
115.6152  1.193888e+01
116.0126  1.188923e+01
116.4122  1.184093e+01
116.8141  1.179409e+01
117.2183  1.174879e+01
117.6249  1.170512e+01
118.0339  1.166319e+01
118.4453  1.162307e+01
118.8592  1.158483e+01
119.2756  1.154856e+01
119.6947  1.151430e+01
120.1164  1.148212e+01
120.5408  1.145207e+01
120.9680  1.142418e+01
121.3980  1.139848e+01
121.8309  1.137498e+01
122.2667  1.135370e+01
122.7056  1.133464e+01
123.1476  1.131778e+01
123.5928  1.130310e+01
124.0412  1.129056e+01
124.4930  1.128013e+01
124.9481  1.127175e+01
125.4068  1.126537e+01
125.8690  1.126090e+01
126.3349  1.125827e+01
126.8046  1.125739e+01
127.2782  1.125818e+01
127.7557  1.126052e+01
128.2374  1.126431e+01
128.7232  1.126944e+01
129.2134  1.127580e+01
129.7081  1.128325e+01
130.2073  1.129170e+01
130.7112  1.130100e+01
131.2201  1.131103e+01
131.7340  1.132168e+01
132.2530  1.133282e+01
132.7775  1.134432e+01
133.3075  1.135606e+01
133.8432  1.136794e+01
134.3848  1.137983e+01
134.9327  1.139163e+01
135.4869  1.140323e+01
136.0477  1.141454e+01
136.6155  1.142545e+01
137.1904  1.143589e+01
137.7727  1.144578e+01
138.3628  1.145503e+01
138.9610  1.146357e+01
139.5677  1.147136e+01
140.1832  1.147832e+01
140.8080  1.148442e+01
141.4425  1.148960e+01
142.0873  1.149384e+01
142.7427  1.149710e+01
143.4095  1.149935e+01
144.0882  1.150058e+01
144.7796  1.150078e+01
145.4844  1.149992e+01
146.2034  1.149802e+01
146.9375  1.149505e+01
147.6879  1.149103e+01
148.4556  1.148596e+01
149.2420  1.147985e+01
150.0485  1.147270e+01
150.8768  1.146453e+01
151.7289  1.145535e+01
152.6068  1.144518e+01
153.5133  1.143402e+01
154.4513  1.142189e+01
155.4245  1.140881e+01
156.4372  1.139479e+01
157.4948  1.137986e+01
